Количество компонент связности: 0
Ввод с клавиатурыКоличество вершин: 12
Массив принадлежности вершин к компонентам связности: 0 0 0 0 0 0 0 0 0 0 0 0 0 
Массив размера компонент связности: 0 0 0 0 0 0 0 0 0 0 0 0 0 
Матрица смежности:
12 1 2 3 4 5 6 7 8 9 10 11 12 
1 0 0 0 0 0 0 0 0 0 0 0 0 
2 0 0 0 0 0 0 0 0 0 0 0 0 
3 0 0 0 0 0 0 0 0 0 0 0 0 
4 0 0 0 0 0 0 0 0 0 0 0 0 
5 0 0 0 0 0 0 0 0 0 0 0 0 
6 0 0 0 0 0 0 0 0 0 0 0 0 
7 0 0 0 0 0 0 0 0 0 0 0 0 
8 0 0 0 0 0 0 0 0 0 0 0 0 
9 0 0 0 0 0 0 0 0 0 0 0 0 
10 0 0 0 0 0 0 0 0 0 0 0 0 
11 0 0 0 0 0 0 0 0 0 0 0 0 
12 0 0 0 0 0 0 0 0 0 0 0 0 

Основание графа:
12 1 2 3 4 5 6 7 8 9 10 11 12 
1 0 0 0 0 0 0 0 0 0 0 0 0 
2 0 0 0 0 0 0 0 0 0 0 0 0 
3 0 0 0 0 0 0 0 0 0 0 0 0 
4 0 0 0 0 0 0 0 0 0 0 0 0 
5 0 0 0 0 0 0 0 0 0 0 0 0 
6 0 0 0 0 0 0 0 0 0 0 0 0 
7 0 0 0 0 0 0 0 0 0 0 0 0 
8 0 0 0 0 0 0 0 0 0 0 0 0 
9 0 0 0 0 0 0 0 0 0 0 0 0 
10 0 0 0 0 0 0 0 0 0 0 0 0 
11 0 0 0 0 0 0 0 0 0 0 0 0 
12 0 0 0 0 0 0 0 0 0 0 0 0 

!!!!!!!!!!!!!НАЧАЛО РАБОТЫ АЛГОРИТМА!!!!!!!!!!!
Для компоненты связности №1
шаг №1
Массив принадлежности вершин к компонентам связности: 0 1 0 0 0 0 0 0 0 0 0 0 0 
Массив размера компонент связности: 0 1 0 0 0 0 0 0 0 0 0 0 0 

Для компоненты связности №2
шаг №1
Массив принадлежности вершин к компонентам связности: 0 1 2 0 0 0 0 0 0 0 0 0 0 
Массив размера компонент связности: 0 1 1 0 0 0 0 0 0 0 0 0 0 

Для компоненты связности №3
шаг №1
Массив принадлежности вершин к компонентам связности: 0 1 2 3 0 0 0 0 0 0 0 0 0 
Массив размера компонент связности: 0 1 1 1 0 0 0 0 0 0 0 0 0 

Для компоненты связности №4
шаг №1
Массив принадлежности вершин к компонентам связности: 0 1 2 3 4 0 0 0 0 0 0 0 0 
Массив размера компонент связности: 0 1 1 1 1 0 0 0 0 0 0 0 0 

Для компоненты связности №5
шаг №1
Массив принадлежности вершин к компонентам связности: 0 1 2 3 4 5 0 0 0 0 0 0 0 
Массив размера компонент связности: 0 1 1 1 1 1 0 0 0 0 0 0 0 

Для компоненты связности №6
шаг №1
Массив принадлежности вершин к компонентам связности: 0 1 2 3 4 5 6 0 0 0 0 0 0 
Массив размера компонент связности: 0 1 1 1 1 1 1 0 0 0 0 0 0 

Для компоненты связности №7
шаг №1
Массив принадлежности вершин к компонентам связности: 0 1 2 3 4 5 6 7 0 0 0 0 0 
Массив размера компонент связности: 0 1 1 1 1 1 1 1 0 0 0 0 0 

Для компоненты связности №8
шаг №1
Массив принадлежности вершин к компонентам связности: 0 1 2 3 4 5 6 7 8 0 0 0 0 
Массив размера компонент связности: 0 1 1 1 1 1 1 1 1 0 0 0 0 

Для компоненты связности №9
шаг №1
Массив принадлежности вершин к компонентам связности: 0 1 2 3 4 5 6 7 8 9 0 0 0 
Массив размера компонент связности: 0 1 1 1 1 1 1 1 1 1 0 0 0 

Для компоненты связности №10
шаг №1
Массив принадлежности вершин к компонентам связности: 0 1 2 3 4 5 6 7 8 9 10 0 0 
Массив размера компонент связности: 0 1 1 1 1 1 1 1 1 1 1 0 0 

Для компоненты связности №11
шаг №1
Массив принадлежности вершин к компонентам связности: 0 1 2 3 4 5 6 7 8 9 10 11 0 
Массив размера компонент связности: 0 1 1 1 1 1 1 1 1 1 1 1 0 

Для компоненты связности №12
шаг №1
Массив принадлежности вершин к компонентам связности: 0 1 2 3 4 5 6 7 8 9 10 11 12 
Массив размера компонент связности: 0 1 1 1 1 1 1 1 1 1 1 1 1 
!!!!!!!!!!!!!!!!!!!!!!!КОНЕЦ РАБОТЫ АЛГОРИТМА!!!!!!!!!!!!!!!!!!
После поиска компонент связности(основное задание) изменились переменные:
Количество компонент связности: 12
Массив принадлежности вершин к компонентам связности: 0 1 2 3 4 5 6 7 8 9 10 11 12 
Массив размера компонент связности: 0 1 1 1 1 1 1 1 1 1 1 1 1 
Результат работы программы=============================
12
1 1; 
1 2; 
1 3; 
1 4; 
1 5; 
1 6; 
1 7; 
1 8; 
1 9; 
1 10; 
1 11; 
1 12; 
============================================================